{
 "cells": [
  {
   "cell_type": "code",
   "execution_count": 5,
   "metadata": {},
   "outputs": [],
   "source": [
    "import numpy as np\n",
    "import pandas as pd"
   ]
  },
  {
   "cell_type": "code",
   "execution_count": 7,
   "metadata": {
    "collapsed": true
   },
   "outputs": [],
   "source": [
    "from numpy.random import randn"
   ]
  },
  {
   "cell_type": "code",
   "execution_count": 8,
   "metadata": {
    "collapsed": true
   },
   "outputs": [],
   "source": [
    "np.random.seed(101)"
   ]
  },
  {
   "cell_type": "code",
   "execution_count": 10,
   "metadata": {},
   "outputs": [],
   "source": [
    "df  = pd.DataFrame(randn(6,5),['A','B','C','D','E','F'],['V','W','X','Y','Z'])"
   ]
  },
  {
   "cell_type": "code",
   "execution_count": 11,
   "metadata": {},
   "outputs": [
    {
     "data": {
      "text/html": [
       "<div>\n",
       "<style>\n",
       "    .dataframe thead tr:only-child th {\n",
       "        text-align: right;\n",
       "    }\n",
       "\n",
       "    .dataframe thead th {\n",
       "        text-align: left;\n",
       "    }\n",
       "\n",
       "    .dataframe tbody tr th {\n",
       "        vertical-align: top;\n",
       "    }\n",
       "</style>\n",
       "<table border=\"1\" class=\"dataframe\">\n",
       "  <thead>\n",
       "    <tr style=\"text-align: right;\">\n",
       "      <th></th>\n",
       "      <th>V</th>\n",
       "      <th>W</th>\n",
       "      <th>X</th>\n",
       "      <th>Y</th>\n",
       "      <th>Z</th>\n",
       "    </tr>\n",
       "  </thead>\n",
       "  <tbody>\n",
       "    <tr>\n",
       "      <th>A</th>\n",
       "      <td>2.706850</td>\n",
       "      <td>0.628133</td>\n",
       "      <td>0.907969</td>\n",
       "      <td>0.503826</td>\n",
       "      <td>0.651118</td>\n",
       "    </tr>\n",
       "    <tr>\n",
       "      <th>B</th>\n",
       "      <td>-0.319318</td>\n",
       "      <td>-0.848077</td>\n",
       "      <td>0.605965</td>\n",
       "      <td>-2.018168</td>\n",
       "      <td>0.740122</td>\n",
       "    </tr>\n",
       "    <tr>\n",
       "      <th>C</th>\n",
       "      <td>0.528813</td>\n",
       "      <td>-0.589001</td>\n",
       "      <td>0.188695</td>\n",
       "      <td>-0.758872</td>\n",
       "      <td>-0.933237</td>\n",
       "    </tr>\n",
       "    <tr>\n",
       "      <th>D</th>\n",
       "      <td>0.955057</td>\n",
       "      <td>0.190794</td>\n",
       "      <td>1.978757</td>\n",
       "      <td>2.605967</td>\n",
       "      <td>0.683509</td>\n",
       "    </tr>\n",
       "    <tr>\n",
       "      <th>E</th>\n",
       "      <td>0.302665</td>\n",
       "      <td>1.693723</td>\n",
       "      <td>-1.706086</td>\n",
       "      <td>-1.159119</td>\n",
       "      <td>-0.134841</td>\n",
       "    </tr>\n",
       "    <tr>\n",
       "      <th>F</th>\n",
       "      <td>0.390528</td>\n",
       "      <td>0.166905</td>\n",
       "      <td>0.184502</td>\n",
       "      <td>0.807706</td>\n",
       "      <td>0.072960</td>\n",
       "    </tr>\n",
       "  </tbody>\n",
       "</table>\n",
       "</div>"
      ],
      "text/plain": [
       "          V         W         X         Y         Z\n",
       "A  2.706850  0.628133  0.907969  0.503826  0.651118\n",
       "B -0.319318 -0.848077  0.605965 -2.018168  0.740122\n",
       "C  0.528813 -0.589001  0.188695 -0.758872 -0.933237\n",
       "D  0.955057  0.190794  1.978757  2.605967  0.683509\n",
       "E  0.302665  1.693723 -1.706086 -1.159119 -0.134841\n",
       "F  0.390528  0.166905  0.184502  0.807706  0.072960"
      ]
     },
     "execution_count": 11,
     "metadata": {},
     "output_type": "execute_result"
    }
   ],
   "source": [
    "df"
   ]
  },
  {
   "cell_type": "code",
   "execution_count": 14,
   "metadata": {},
   "outputs": [
    {
     "data": {
      "text/html": [
       "<div>\n",
       "<style>\n",
       "    .dataframe thead tr:only-child th {\n",
       "        text-align: right;\n",
       "    }\n",
       "\n",
       "    .dataframe thead th {\n",
       "        text-align: left;\n",
       "    }\n",
       "\n",
       "    .dataframe tbody tr th {\n",
       "        vertical-align: top;\n",
       "    }\n",
       "</style>\n",
       "<table border=\"1\" class=\"dataframe\">\n",
       "  <thead>\n",
       "    <tr style=\"text-align: right;\">\n",
       "      <th></th>\n",
       "      <th>V</th>\n",
       "      <th>W</th>\n",
       "      <th>X</th>\n",
       "      <th>Y</th>\n",
       "      <th>Z</th>\n",
       "    </tr>\n",
       "  </thead>\n",
       "  <tbody>\n",
       "    <tr>\n",
       "      <th>A</th>\n",
       "      <td>2.706850</td>\n",
       "      <td>0.628133</td>\n",
       "      <td>0.907969</td>\n",
       "      <td>0.503826</td>\n",
       "      <td>0.651118</td>\n",
       "    </tr>\n",
       "    <tr>\n",
       "      <th>C</th>\n",
       "      <td>0.528813</td>\n",
       "      <td>-0.589001</td>\n",
       "      <td>0.188695</td>\n",
       "      <td>-0.758872</td>\n",
       "      <td>-0.933237</td>\n",
       "    </tr>\n",
       "    <tr>\n",
       "      <th>D</th>\n",
       "      <td>0.955057</td>\n",
       "      <td>0.190794</td>\n",
       "      <td>1.978757</td>\n",
       "      <td>2.605967</td>\n",
       "      <td>0.683509</td>\n",
       "    </tr>\n",
       "    <tr>\n",
       "      <th>E</th>\n",
       "      <td>0.302665</td>\n",
       "      <td>1.693723</td>\n",
       "      <td>-1.706086</td>\n",
       "      <td>-1.159119</td>\n",
       "      <td>-0.134841</td>\n",
       "    </tr>\n",
       "    <tr>\n",
       "      <th>F</th>\n",
       "      <td>0.390528</td>\n",
       "      <td>0.166905</td>\n",
       "      <td>0.184502</td>\n",
       "      <td>0.807706</td>\n",
       "      <td>0.072960</td>\n",
       "    </tr>\n",
       "  </tbody>\n",
       "</table>\n",
       "</div>"
      ],
      "text/plain": [
       "          V         W         X         Y         Z\n",
       "A  2.706850  0.628133  0.907969  0.503826  0.651118\n",
       "C  0.528813 -0.589001  0.188695 -0.758872 -0.933237\n",
       "D  0.955057  0.190794  1.978757  2.605967  0.683509\n",
       "E  0.302665  1.693723 -1.706086 -1.159119 -0.134841\n",
       "F  0.390528  0.166905  0.184502  0.807706  0.072960"
      ]
     },
     "execution_count": 14,
     "metadata": {},
     "output_type": "execute_result"
    }
   ],
   "source": [
    "df[df['V']>0]"
   ]
  },
  {
   "cell_type": "code",
   "execution_count": 18,
   "metadata": {},
   "outputs": [
    {
     "data": {
      "text/html": [
       "<div>\n",
       "<style>\n",
       "    .dataframe thead tr:only-child th {\n",
       "        text-align: right;\n",
       "    }\n",
       "\n",
       "    .dataframe thead th {\n",
       "        text-align: left;\n",
       "    }\n",
       "\n",
       "    .dataframe tbody tr th {\n",
       "        vertical-align: top;\n",
       "    }\n",
       "</style>\n",
       "<table border=\"1\" class=\"dataframe\">\n",
       "  <thead>\n",
       "    <tr style=\"text-align: right;\">\n",
       "      <th></th>\n",
       "      <th>V</th>\n",
       "      <th>W</th>\n",
       "      <th>X</th>\n",
       "      <th>Y</th>\n",
       "      <th>Z</th>\n",
       "    </tr>\n",
       "  </thead>\n",
       "  <tbody>\n",
       "    <tr>\n",
       "      <th>A</th>\n",
       "      <td>2.706850</td>\n",
       "      <td>0.628133</td>\n",
       "      <td>0.907969</td>\n",
       "      <td>0.503826</td>\n",
       "      <td>0.651118</td>\n",
       "    </tr>\n",
       "    <tr>\n",
       "      <th>D</th>\n",
       "      <td>0.955057</td>\n",
       "      <td>0.190794</td>\n",
       "      <td>1.978757</td>\n",
       "      <td>2.605967</td>\n",
       "      <td>0.683509</td>\n",
       "    </tr>\n",
       "    <tr>\n",
       "      <th>F</th>\n",
       "      <td>0.390528</td>\n",
       "      <td>0.166905</td>\n",
       "      <td>0.184502</td>\n",
       "      <td>0.807706</td>\n",
       "      <td>0.072960</td>\n",
       "    </tr>\n",
       "  </tbody>\n",
       "</table>\n",
       "</div>"
      ],
      "text/plain": [
       "          V         W         X         Y         Z\n",
       "A  2.706850  0.628133  0.907969  0.503826  0.651118\n",
       "D  0.955057  0.190794  1.978757  2.605967  0.683509\n",
       "F  0.390528  0.166905  0.184502  0.807706  0.072960"
      ]
     },
     "execution_count": 18,
     "metadata": {},
     "output_type": "execute_result"
    }
   ],
   "source": [
    "df[(df['V']>0) & (df['Y']>0)]"
   ]
  },
  {
   "cell_type": "code",
   "execution_count": 19,
   "metadata": {},
   "outputs": [
    {
     "data": {
      "text/html": [
       "<div>\n",
       "<style>\n",
       "    .dataframe thead tr:only-child th {\n",
       "        text-align: right;\n",
       "    }\n",
       "\n",
       "    .dataframe thead th {\n",
       "        text-align: left;\n",
       "    }\n",
       "\n",
       "    .dataframe tbody tr th {\n",
       "        vertical-align: top;\n",
       "    }\n",
       "</style>\n",
       "<table border=\"1\" class=\"dataframe\">\n",
       "  <thead>\n",
       "    <tr style=\"text-align: right;\">\n",
       "      <th></th>\n",
       "      <th>index</th>\n",
       "      <th>V</th>\n",
       "      <th>W</th>\n",
       "      <th>X</th>\n",
       "      <th>Y</th>\n",
       "      <th>Z</th>\n",
       "    </tr>\n",
       "  </thead>\n",
       "  <tbody>\n",
       "    <tr>\n",
       "      <th>0</th>\n",
       "      <td>A</td>\n",
       "      <td>2.706850</td>\n",
       "      <td>0.628133</td>\n",
       "      <td>0.907969</td>\n",
       "      <td>0.503826</td>\n",
       "      <td>0.651118</td>\n",
       "    </tr>\n",
       "    <tr>\n",
       "      <th>1</th>\n",
       "      <td>B</td>\n",
       "      <td>-0.319318</td>\n",
       "      <td>-0.848077</td>\n",
       "      <td>0.605965</td>\n",
       "      <td>-2.018168</td>\n",
       "      <td>0.740122</td>\n",
       "    </tr>\n",
       "    <tr>\n",
       "      <th>2</th>\n",
       "      <td>C</td>\n",
       "      <td>0.528813</td>\n",
       "      <td>-0.589001</td>\n",
       "      <td>0.188695</td>\n",
       "      <td>-0.758872</td>\n",
       "      <td>-0.933237</td>\n",
       "    </tr>\n",
       "    <tr>\n",
       "      <th>3</th>\n",
       "      <td>D</td>\n",
       "      <td>0.955057</td>\n",
       "      <td>0.190794</td>\n",
       "      <td>1.978757</td>\n",
       "      <td>2.605967</td>\n",
       "      <td>0.683509</td>\n",
       "    </tr>\n",
       "    <tr>\n",
       "      <th>4</th>\n",
       "      <td>E</td>\n",
       "      <td>0.302665</td>\n",
       "      <td>1.693723</td>\n",
       "      <td>-1.706086</td>\n",
       "      <td>-1.159119</td>\n",
       "      <td>-0.134841</td>\n",
       "    </tr>\n",
       "    <tr>\n",
       "      <th>5</th>\n",
       "      <td>F</td>\n",
       "      <td>0.390528</td>\n",
       "      <td>0.166905</td>\n",
       "      <td>0.184502</td>\n",
       "      <td>0.807706</td>\n",
       "      <td>0.072960</td>\n",
       "    </tr>\n",
       "  </tbody>\n",
       "</table>\n",
       "</div>"
      ],
      "text/plain": [
       "  index         V         W         X         Y         Z\n",
       "0     A  2.706850  0.628133  0.907969  0.503826  0.651118\n",
       "1     B -0.319318 -0.848077  0.605965 -2.018168  0.740122\n",
       "2     C  0.528813 -0.589001  0.188695 -0.758872 -0.933237\n",
       "3     D  0.955057  0.190794  1.978757  2.605967  0.683509\n",
       "4     E  0.302665  1.693723 -1.706086 -1.159119 -0.134841\n",
       "5     F  0.390528  0.166905  0.184502  0.807706  0.072960"
      ]
     },
     "execution_count": 19,
     "metadata": {},
     "output_type": "execute_result"
    }
   ],
   "source": [
    "df.reset_index()"
   ]
  },
  {
   "cell_type": "code",
   "execution_count": 20,
   "metadata": {},
   "outputs": [
    {
     "data": {
      "text/html": [
       "<div>\n",
       "<style>\n",
       "    .dataframe thead tr:only-child th {\n",
       "        text-align: right;\n",
       "    }\n",
       "\n",
       "    .dataframe thead th {\n",
       "        text-align: left;\n",
       "    }\n",
       "\n",
       "    .dataframe tbody tr th {\n",
       "        vertical-align: top;\n",
       "    }\n",
       "</style>\n",
       "<table border=\"1\" class=\"dataframe\">\n",
       "  <thead>\n",
       "    <tr style=\"text-align: right;\">\n",
       "      <th></th>\n",
       "      <th>V</th>\n",
       "      <th>W</th>\n",
       "      <th>X</th>\n",
       "      <th>Z</th>\n",
       "    </tr>\n",
       "    <tr>\n",
       "      <th>Y</th>\n",
       "      <th></th>\n",
       "      <th></th>\n",
       "      <th></th>\n",
       "      <th></th>\n",
       "    </tr>\n",
       "  </thead>\n",
       "  <tbody>\n",
       "    <tr>\n",
       "      <th>0.503826</th>\n",
       "      <td>2.706850</td>\n",
       "      <td>0.628133</td>\n",
       "      <td>0.907969</td>\n",
       "      <td>0.651118</td>\n",
       "    </tr>\n",
       "    <tr>\n",
       "      <th>-2.018168</th>\n",
       "      <td>-0.319318</td>\n",
       "      <td>-0.848077</td>\n",
       "      <td>0.605965</td>\n",
       "      <td>0.740122</td>\n",
       "    </tr>\n",
       "    <tr>\n",
       "      <th>-0.758872</th>\n",
       "      <td>0.528813</td>\n",
       "      <td>-0.589001</td>\n",
       "      <td>0.188695</td>\n",
       "      <td>-0.933237</td>\n",
       "    </tr>\n",
       "    <tr>\n",
       "      <th>2.605967</th>\n",
       "      <td>0.955057</td>\n",
       "      <td>0.190794</td>\n",
       "      <td>1.978757</td>\n",
       "      <td>0.683509</td>\n",
       "    </tr>\n",
       "    <tr>\n",
       "      <th>-1.159119</th>\n",
       "      <td>0.302665</td>\n",
       "      <td>1.693723</td>\n",
       "      <td>-1.706086</td>\n",
       "      <td>-0.134841</td>\n",
       "    </tr>\n",
       "    <tr>\n",
       "      <th>0.807706</th>\n",
       "      <td>0.390528</td>\n",
       "      <td>0.166905</td>\n",
       "      <td>0.184502</td>\n",
       "      <td>0.072960</td>\n",
       "    </tr>\n",
       "  </tbody>\n",
       "</table>\n",
       "</div>"
      ],
      "text/plain": [
       "                  V         W         X         Z\n",
       "Y                                                \n",
       " 0.503826  2.706850  0.628133  0.907969  0.651118\n",
       "-2.018168 -0.319318 -0.848077  0.605965  0.740122\n",
       "-0.758872  0.528813 -0.589001  0.188695 -0.933237\n",
       " 2.605967  0.955057  0.190794  1.978757  0.683509\n",
       "-1.159119  0.302665  1.693723 -1.706086 -0.134841\n",
       " 0.807706  0.390528  0.166905  0.184502  0.072960"
      ]
     },
     "execution_count": 20,
     "metadata": {},
     "output_type": "execute_result"
    }
   ],
   "source": [
    "df.set_index('Y')"
   ]
  },
  {
   "cell_type": "code",
   "execution_count": 21,
   "metadata": {},
   "outputs": [
    {
     "data": {
      "text/html": [
       "<div>\n",
       "<style>\n",
       "    .dataframe thead tr:only-child th {\n",
       "        text-align: right;\n",
       "    }\n",
       "\n",
       "    .dataframe thead th {\n",
       "        text-align: left;\n",
       "    }\n",
       "\n",
       "    .dataframe tbody tr th {\n",
       "        vertical-align: top;\n",
       "    }\n",
       "</style>\n",
       "<table border=\"1\" class=\"dataframe\">\n",
       "  <thead>\n",
       "    <tr style=\"text-align: right;\">\n",
       "      <th></th>\n",
       "      <th>V</th>\n",
       "      <th>W</th>\n",
       "      <th>X</th>\n",
       "      <th>Y</th>\n",
       "      <th>Z</th>\n",
       "    </tr>\n",
       "  </thead>\n",
       "  <tbody>\n",
       "    <tr>\n",
       "      <th>A</th>\n",
       "      <td>2.706850</td>\n",
       "      <td>0.628133</td>\n",
       "      <td>0.907969</td>\n",
       "      <td>0.503826</td>\n",
       "      <td>0.651118</td>\n",
       "    </tr>\n",
       "    <tr>\n",
       "      <th>B</th>\n",
       "      <td>-0.319318</td>\n",
       "      <td>-0.848077</td>\n",
       "      <td>0.605965</td>\n",
       "      <td>-2.018168</td>\n",
       "      <td>0.740122</td>\n",
       "    </tr>\n",
       "    <tr>\n",
       "      <th>C</th>\n",
       "      <td>0.528813</td>\n",
       "      <td>-0.589001</td>\n",
       "      <td>0.188695</td>\n",
       "      <td>-0.758872</td>\n",
       "      <td>-0.933237</td>\n",
       "    </tr>\n",
       "    <tr>\n",
       "      <th>D</th>\n",
       "      <td>0.955057</td>\n",
       "      <td>0.190794</td>\n",
       "      <td>1.978757</td>\n",
       "      <td>2.605967</td>\n",
       "      <td>0.683509</td>\n",
       "    </tr>\n",
       "    <tr>\n",
       "      <th>E</th>\n",
       "      <td>0.302665</td>\n",
       "      <td>1.693723</td>\n",
       "      <td>-1.706086</td>\n",
       "      <td>-1.159119</td>\n",
       "      <td>-0.134841</td>\n",
       "    </tr>\n",
       "    <tr>\n",
       "      <th>F</th>\n",
       "      <td>0.390528</td>\n",
       "      <td>0.166905</td>\n",
       "      <td>0.184502</td>\n",
       "      <td>0.807706</td>\n",
       "      <td>0.072960</td>\n",
       "    </tr>\n",
       "  </tbody>\n",
       "</table>\n",
       "</div>"
      ],
      "text/plain": [
       "          V         W         X         Y         Z\n",
       "A  2.706850  0.628133  0.907969  0.503826  0.651118\n",
       "B -0.319318 -0.848077  0.605965 -2.018168  0.740122\n",
       "C  0.528813 -0.589001  0.188695 -0.758872 -0.933237\n",
       "D  0.955057  0.190794  1.978757  2.605967  0.683509\n",
       "E  0.302665  1.693723 -1.706086 -1.159119 -0.134841\n",
       "F  0.390528  0.166905  0.184502  0.807706  0.072960"
      ]
     },
     "execution_count": 21,
     "metadata": {},
     "output_type": "execute_result"
    }
   ],
   "source": [
    "df"
   ]
  },
  {
   "cell_type": "code",
   "execution_count": 22,
   "metadata": {
    "collapsed": true
   },
   "outputs": [],
   "source": [
    "state  = 'AP MP MH TG TA KA'.slpit()"
   ]
  },
  {
   "cell_type": "code",
   "execution_count": 23,
   "metadata": {
    "collapsed": true
   },
   "outputs": [],
   "source": [
    "df['STATES'] = state"
   ]
  },
  {
   "cell_type": "code",
   "execution_count": 24,
   "metadata": {
    "scrolled": true
   },
   "outputs": [
    {
     "data": {
      "text/html": [
       "<div>\n",
       "<style>\n",
       "    .dataframe thead tr:only-child th {\n",
       "        text-align: right;\n",
       "    }\n",
       "\n",
       "    .dataframe thead th {\n",
       "        text-align: left;\n",
       "    }\n",
       "\n",
       "    .dataframe tbody tr th {\n",
       "        vertical-align: top;\n",
       "    }\n",
       "</style>\n",
       "<table border=\"1\" class=\"dataframe\">\n",
       "  <thead>\n",
       "    <tr style=\"text-align: right;\">\n",
       "      <th></th>\n",
       "      <th>V</th>\n",
       "      <th>W</th>\n",
       "      <th>X</th>\n",
       "      <th>Y</th>\n",
       "      <th>Z</th>\n",
       "      <th>STATES</th>\n",
       "    </tr>\n",
       "  </thead>\n",
       "  <tbody>\n",
       "    <tr>\n",
       "      <th>A</th>\n",
       "      <td>2.706850</td>\n",
       "      <td>0.628133</td>\n",
       "      <td>0.907969</td>\n",
       "      <td>0.503826</td>\n",
       "      <td>0.651118</td>\n",
       "      <td>AP</td>\n",
       "    </tr>\n",
       "    <tr>\n",
       "      <th>B</th>\n",
       "      <td>-0.319318</td>\n",
       "      <td>-0.848077</td>\n",
       "      <td>0.605965</td>\n",
       "      <td>-2.018168</td>\n",
       "      <td>0.740122</td>\n",
       "      <td>MP</td>\n",
       "    </tr>\n",
       "    <tr>\n",
       "      <th>C</th>\n",
       "      <td>0.528813</td>\n",
       "      <td>-0.589001</td>\n",
       "      <td>0.188695</td>\n",
       "      <td>-0.758872</td>\n",
       "      <td>-0.933237</td>\n",
       "      <td>MH</td>\n",
       "    </tr>\n",
       "    <tr>\n",
       "      <th>D</th>\n",
       "      <td>0.955057</td>\n",
       "      <td>0.190794</td>\n",
       "      <td>1.978757</td>\n",
       "      <td>2.605967</td>\n",
       "      <td>0.683509</td>\n",
       "      <td>TG</td>\n",
       "    </tr>\n",
       "    <tr>\n",
       "      <th>E</th>\n",
       "      <td>0.302665</td>\n",
       "      <td>1.693723</td>\n",
       "      <td>-1.706086</td>\n",
       "      <td>-1.159119</td>\n",
       "      <td>-0.134841</td>\n",
       "      <td>TA</td>\n",
       "    </tr>\n",
       "    <tr>\n",
       "      <th>F</th>\n",
       "      <td>0.390528</td>\n",
       "      <td>0.166905</td>\n",
       "      <td>0.184502</td>\n",
       "      <td>0.807706</td>\n",
       "      <td>0.072960</td>\n",
       "      <td>KA</td>\n",
       "    </tr>\n",
       "  </tbody>\n",
       "</table>\n",
       "</div>"
      ],
      "text/plain": [
       "          V         W         X         Y         Z STATES\n",
       "A  2.706850  0.628133  0.907969  0.503826  0.651118     AP\n",
       "B -0.319318 -0.848077  0.605965 -2.018168  0.740122     MP\n",
       "C  0.528813 -0.589001  0.188695 -0.758872 -0.933237     MH\n",
       "D  0.955057  0.190794  1.978757  2.605967  0.683509     TG\n",
       "E  0.302665  1.693723 -1.706086 -1.159119 -0.134841     TA\n",
       "F  0.390528  0.166905  0.184502  0.807706  0.072960     KA"
      ]
     },
     "execution_count": 24,
     "metadata": {},
     "output_type": "execute_result"
    }
   ],
   "source": [
    "df"
   ]
  },
  {
   "cell_type": "code",
   "execution_count": 42,
   "metadata": {
    "collapsed": true
   },
   "outputs": [],
   "source": [
    "outside = ['G1','G1','G1','G2','G2','G2']"
   ]
  },
  {
   "cell_type": "code",
   "execution_count": 43,
   "metadata": {
    "collapsed": true
   },
   "outputs": [],
   "source": [
    "inside = [1,2,3,1,2,3]"
   ]
  },
  {
   "cell_type": "code",
   "execution_count": 44,
   "metadata": {
    "collapsed": true
   },
   "outputs": [],
   "source": [
    "hire_index = list(zip(outside,inside))"
   ]
  },
  {
   "cell_type": "code",
   "execution_count": 45,
   "metadata": {},
   "outputs": [
    {
     "data": {
      "text/plain": [
       "[('G1', 1), ('G1', 2), ('G1', 3), ('G2', 1), ('G2', 2), ('G2', 3)]"
      ]
     },
     "execution_count": 45,
     "metadata": {},
     "output_type": "execute_result"
    }
   ],
   "source": [
    "hire_index"
   ]
  },
  {
   "cell_type": "code",
   "execution_count": 46,
   "metadata": {
    "collapsed": true
   },
   "outputs": [],
   "source": [
    "hire_index = pd.MultiIndex.from_tuples(hire_index)"
   ]
  },
  {
   "cell_type": "code",
   "execution_count": 47,
   "metadata": {},
   "outputs": [
    {
     "data": {
      "text/plain": [
       "MultiIndex(levels=[[u'G1', u'G2'], [1, 2, 3]],\n",
       "           labels=[[0, 0, 0, 1, 1, 1], [0, 1, 2, 0, 1, 2]])"
      ]
     },
     "execution_count": 47,
     "metadata": {},
     "output_type": "execute_result"
    }
   ],
   "source": [
    "hire_index"
   ]
  },
  {
   "cell_type": "code",
   "execution_count": 48,
   "metadata": {
    "collapsed": true
   },
   "outputs": [],
   "source": [
    "df = pd.DataFrame(randn(6,2),hire_index,['A','B'])"
   ]
  },
  {
   "cell_type": "code",
   "execution_count": 49,
   "metadata": {},
   "outputs": [
    {
     "data": {
      "text/html": [
       "<div>\n",
       "<style>\n",
       "    .dataframe thead tr:only-child th {\n",
       "        text-align: right;\n",
       "    }\n",
       "\n",
       "    .dataframe thead th {\n",
       "        text-align: left;\n",
       "    }\n",
       "\n",
       "    .dataframe tbody tr th {\n",
       "        vertical-align: top;\n",
       "    }\n",
       "</style>\n",
       "<table border=\"1\" class=\"dataframe\">\n",
       "  <thead>\n",
       "    <tr style=\"text-align: right;\">\n",
       "      <th></th>\n",
       "      <th></th>\n",
       "      <th>A</th>\n",
       "      <th>B</th>\n",
       "    </tr>\n",
       "  </thead>\n",
       "  <tbody>\n",
       "    <tr>\n",
       "      <th rowspan=\"3\" valign=\"top\">G1</th>\n",
       "      <th>1</th>\n",
       "      <td>0.558769</td>\n",
       "      <td>1.024810</td>\n",
       "    </tr>\n",
       "    <tr>\n",
       "      <th>2</th>\n",
       "      <td>-0.925874</td>\n",
       "      <td>1.862864</td>\n",
       "    </tr>\n",
       "    <tr>\n",
       "      <th>3</th>\n",
       "      <td>-1.133817</td>\n",
       "      <td>0.610478</td>\n",
       "    </tr>\n",
       "    <tr>\n",
       "      <th rowspan=\"3\" valign=\"top\">G2</th>\n",
       "      <th>1</th>\n",
       "      <td>0.386030</td>\n",
       "      <td>2.084019</td>\n",
       "    </tr>\n",
       "    <tr>\n",
       "      <th>2</th>\n",
       "      <td>-0.376519</td>\n",
       "      <td>0.230336</td>\n",
       "    </tr>\n",
       "    <tr>\n",
       "      <th>3</th>\n",
       "      <td>0.681209</td>\n",
       "      <td>1.035125</td>\n",
       "    </tr>\n",
       "  </tbody>\n",
       "</table>\n",
       "</div>"
      ],
      "text/plain": [
       "             A         B\n",
       "G1 1  0.558769  1.024810\n",
       "   2 -0.925874  1.862864\n",
       "   3 -1.133817  0.610478\n",
       "G2 1  0.386030  2.084019\n",
       "   2 -0.376519  0.230336\n",
       "   3  0.681209  1.035125"
      ]
     },
     "execution_count": 49,
     "metadata": {},
     "output_type": "execute_result"
    }
   ],
   "source": [
    "df"
   ]
  },
  {
   "cell_type": "code",
   "execution_count": 50,
   "metadata": {},
   "outputs": [
    {
     "data": {
      "text/html": [
       "<div>\n",
       "<style>\n",
       "    .dataframe thead tr:only-child th {\n",
       "        text-align: right;\n",
       "    }\n",
       "\n",
       "    .dataframe thead th {\n",
       "        text-align: left;\n",
       "    }\n",
       "\n",
       "    .dataframe tbody tr th {\n",
       "        vertical-align: top;\n",
       "    }\n",
       "</style>\n",
       "<table border=\"1\" class=\"dataframe\">\n",
       "  <thead>\n",
       "    <tr style=\"text-align: right;\">\n",
       "      <th></th>\n",
       "      <th>A</th>\n",
       "      <th>B</th>\n",
       "    </tr>\n",
       "  </thead>\n",
       "  <tbody>\n",
       "    <tr>\n",
       "      <th>1</th>\n",
       "      <td>0.558769</td>\n",
       "      <td>1.024810</td>\n",
       "    </tr>\n",
       "    <tr>\n",
       "      <th>2</th>\n",
       "      <td>-0.925874</td>\n",
       "      <td>1.862864</td>\n",
       "    </tr>\n",
       "    <tr>\n",
       "      <th>3</th>\n",
       "      <td>-1.133817</td>\n",
       "      <td>0.610478</td>\n",
       "    </tr>\n",
       "  </tbody>\n",
       "</table>\n",
       "</div>"
      ],
      "text/plain": [
       "          A         B\n",
       "1  0.558769  1.024810\n",
       "2 -0.925874  1.862864\n",
       "3 -1.133817  0.610478"
      ]
     },
     "execution_count": 50,
     "metadata": {},
     "output_type": "execute_result"
    }
   ],
   "source": [
    "df.loc['G1']"
   ]
  },
  {
   "cell_type": "code",
   "execution_count": 51,
   "metadata": {},
   "outputs": [
    {
     "data": {
      "text/html": [
       "<div>\n",
       "<style>\n",
       "    .dataframe thead tr:only-child th {\n",
       "        text-align: right;\n",
       "    }\n",
       "\n",
       "    .dataframe thead th {\n",
       "        text-align: left;\n",
       "    }\n",
       "\n",
       "    .dataframe tbody tr th {\n",
       "        vertical-align: top;\n",
       "    }\n",
       "</style>\n",
       "<table border=\"1\" class=\"dataframe\">\n",
       "  <thead>\n",
       "    <tr style=\"text-align: right;\">\n",
       "      <th></th>\n",
       "      <th>A</th>\n",
       "      <th>B</th>\n",
       "    </tr>\n",
       "  </thead>\n",
       "  <tbody>\n",
       "    <tr>\n",
       "      <th>1</th>\n",
       "      <td>0.386030</td>\n",
       "      <td>2.084019</td>\n",
       "    </tr>\n",
       "    <tr>\n",
       "      <th>2</th>\n",
       "      <td>-0.376519</td>\n",
       "      <td>0.230336</td>\n",
       "    </tr>\n",
       "    <tr>\n",
       "      <th>3</th>\n",
       "      <td>0.681209</td>\n",
       "      <td>1.035125</td>\n",
       "    </tr>\n",
       "  </tbody>\n",
       "</table>\n",
       "</div>"
      ],
      "text/plain": [
       "          A         B\n",
       "1  0.386030  2.084019\n",
       "2 -0.376519  0.230336\n",
       "3  0.681209  1.035125"
      ]
     },
     "execution_count": 51,
     "metadata": {},
     "output_type": "execute_result"
    }
   ],
   "source": [
    "df.loc['G2']"
   ]
  },
  {
   "cell_type": "code",
   "execution_count": 56,
   "metadata": {
    "collapsed": true
   },
   "outputs": [],
   "source": [
    "df.index.names = ['Group','Num']"
   ]
  },
  {
   "cell_type": "code",
   "execution_count": 57,
   "metadata": {},
   "outputs": [
    {
     "data": {
      "text/html": [
       "<div>\n",
       "<style>\n",
       "    .dataframe thead tr:only-child th {\n",
       "        text-align: right;\n",
       "    }\n",
       "\n",
       "    .dataframe thead th {\n",
       "        text-align: left;\n",
       "    }\n",
       "\n",
       "    .dataframe tbody tr th {\n",
       "        vertical-align: top;\n",
       "    }\n",
       "</style>\n",
       "<table border=\"1\" class=\"dataframe\">\n",
       "  <thead>\n",
       "    <tr style=\"text-align: right;\">\n",
       "      <th></th>\n",
       "      <th></th>\n",
       "      <th>A</th>\n",
       "      <th>B</th>\n",
       "    </tr>\n",
       "    <tr>\n",
       "      <th>Group</th>\n",
       "      <th>Num</th>\n",
       "      <th></th>\n",
       "      <th></th>\n",
       "    </tr>\n",
       "  </thead>\n",
       "  <tbody>\n",
       "    <tr>\n",
       "      <th rowspan=\"3\" valign=\"top\">G1</th>\n",
       "      <th>1</th>\n",
       "      <td>0.558769</td>\n",
       "      <td>1.024810</td>\n",
       "    </tr>\n",
       "    <tr>\n",
       "      <th>2</th>\n",
       "      <td>-0.925874</td>\n",
       "      <td>1.862864</td>\n",
       "    </tr>\n",
       "    <tr>\n",
       "      <th>3</th>\n",
       "      <td>-1.133817</td>\n",
       "      <td>0.610478</td>\n",
       "    </tr>\n",
       "    <tr>\n",
       "      <th rowspan=\"3\" valign=\"top\">G2</th>\n",
       "      <th>1</th>\n",
       "      <td>0.386030</td>\n",
       "      <td>2.084019</td>\n",
       "    </tr>\n",
       "    <tr>\n",
       "      <th>2</th>\n",
       "      <td>-0.376519</td>\n",
       "      <td>0.230336</td>\n",
       "    </tr>\n",
       "    <tr>\n",
       "      <th>3</th>\n",
       "      <td>0.681209</td>\n",
       "      <td>1.035125</td>\n",
       "    </tr>\n",
       "  </tbody>\n",
       "</table>\n",
       "</div>"
      ],
      "text/plain": [
       "                  A         B\n",
       "Group Num                    \n",
       "G1    1    0.558769  1.024810\n",
       "      2   -0.925874  1.862864\n",
       "      3   -1.133817  0.610478\n",
       "G2    1    0.386030  2.084019\n",
       "      2   -0.376519  0.230336\n",
       "      3    0.681209  1.035125"
      ]
     },
     "execution_count": 57,
     "metadata": {},
     "output_type": "execute_result"
    }
   ],
   "source": [
    "df"
   ]
  },
  {
   "cell_type": "code",
   "execution_count": 65,
   "metadata": {},
   "outputs": [
    {
     "data": {
      "text/plain": [
       "1.8628641384939535"
      ]
     },
     "execution_count": 65,
     "metadata": {},
     "output_type": "execute_result"
    }
   ],
   "source": [
    "df.loc['G1'].loc[2]['B']"
   ]
  },
  {
   "cell_type": "code",
   "execution_count": null,
   "metadata": {
    "collapsed": true
   },
   "outputs": [],
   "source": []
  }
 ],
 "metadata": {
  "kernelspec": {
   "display_name": "Python 2",
   "language": "python",
   "name": "python2"
  },
  "language_info": {
   "codemirror_mode": {
    "name": "ipython",
    "version": 2
   },
   "file_extension": ".py",
   "mimetype": "text/x-python",
   "name": "python",
   "nbconvert_exporter": "python",
   "pygments_lexer": "ipython2",
   "version": "2.7.13"
  }
 },
 "nbformat": 4,
 "nbformat_minor": 2
}
